Seed	time	suit	Echocov	echomot	wet	rain
0	0	1.75	13.4	2	0.274	12.85
1	1	2.70	37.9	1	1.267	5.52
1	3	4.10	3.9	2	0.198	6.29
0	4	2.35	5.3	1	0.526	6.11
1	6	4.25	7.1	1	0.250	2.45
0	9	1.60	6.9	2	0.018	3.61
0	18	1.30	4.6	1	0.307	0.47
0	25	3.35	4.9	1	0.194	4.56
0	27	2.85	12.1	1	0.751	6.35
1	28	2.20	5.2	1	0.084	5.06
1	29	4.40	4.1	1	0.236	2.76
1	32	3.10	2.8	1	0.214	4.05
0	33	3.95	6.8	1	0.796	5.74
1	35	2.90	3.0	1	0.124	4.84
1	38	2.05	7.0	1	0.144	11.86
0	39	4.00	11.3	1	0.398	4.45
0	53	3.35	4.2	2	0.237	3.66
1	55	3.70	3.3	1	0.960	4.22
0	56	3.80	2.2	1	0.230	1.16
1	59	3.40	6.5	2	0.142	5.45
1	65	3.15	3.1	1	0.073	2.02
0	68	3.15	2.6	1	0.136	0.82
1	82	4.01	8.3	1	0.123	1.09
0	83	4.65	7.4	1	0.168	0.28