x1	x2	y
2.26	66	7
1.81	52	10
1.78	72	18
1.54	67	4
2.06	69	10
1.74	71	13
2.56	88	21
2.29	68	12
1.80	59	9
2.32	73	65
2.04	68	20
1.88	58	31
1.18	61	23
2.08	68	22
1.70	69	13
1.74	55	9
1.90	67	50
1.79	67	12
2.11	68	11
1.72	59	8
1.74	68	26
1.60	63	16
2.15	65	23
2.26	72	7
1.65	58	11
1.63	69	8
2.40	70	14
2.70	73	39
1.90	56	28
2.78	83	12
2.27	67	60
1.74	84	10
2.62	68	60
1.80	64	22
1.81	60	21
1.58	62	14
2.41	76	4
1.65	60	27
2.24	60	26
1.70	59	28
2.45	84	15
1.72	66	8
2.37	68	46
2.23	65	24
1.92	69	12
1.99	72	25
1.99	63	45
2.35	56	72
1.80	70	25
2.36	69	28
1.59	60	10
2.10	51	25
1.80	61	44